Angle in degrees => -174
Angle in radians => -3.03687
sin(-174) = -0.104528
cos(-174) = -0.994522
tan(-174) = 0.105104
